3.110352	1.206055	0.673828	1.562500	0.000000
3.110352	1.206055	0.385742	1.557617	0.000983
3.110352	1.196289	0.761719	1.567383	0.002075
3.115234	1.196289	0.693359	1.562500	0.002984
3.115234	1.206055	0.576172	1.562500	0.003984
3.110352	1.206055	0.561523	1.562500	0.004984
3.115234	1.210938	0.498047	1.557617	0.005984
3.110352	1.206055	0.625000	1.562500	0.006984
3.115234	1.206055	0.581055	1.562500	0.007984
3.115234	1.206055	0.629883	1.562500	0.008986
3.110352	1.201172	0.556641	1.562500	0.009999
3.115234	1.201172	0.551758	1.557617	0.010970
3.110352	1.206055	0.786133	1.567383	0.012010
3.110352	1.210938	0.771484	1.567383	0.012994
3.115234	1.215820	0.727539	1.562500	0.013972
3.115234	1.210938	0.629883	1.562500	0.014970
3.110352	1.210938	0.698242	1.562500	0.015970
3.115234	1.210938	0.820312	1.567383	0.016970
3.110352	1.206055	0.810547	1.562500	0.017970
3.115234	1.206055	0.922852	1.572266	0.018973
3.115234	1.206055	0.908203	1.572266	0.019978
3.115234	1.210938	0.747070	1.567383	0.020981
3.115234	1.215820	0.717773	1.562500	0.021984
3.110352	1.215820	0.605469	1.562500	0.022989
3.115234	1.210938	0.600586	1.562500	0.023984
3.110352	1.210938	0.937500	1.567383	0.024984
3.110352	1.210938	0.727539	1.562500	0.025983
3.110352	1.206055	0.839844	1.567383	0.026983
3.115234	1.206055	0.791016	1.562500	0.027984
3.115234	1.210938	1.245117	1.582031	0.028998
3.115234	1.215820	1.064453	1.572266	0.029998
3.115234	1.215820	0.908203	1.572266	0.030981
3.115234	1.215820	0.834961	1.567383	0.031983
3.115234	1.215820	1.113281	1.572266	0.032989
3.115234	1.215820	1.074219	1.572266	0.033983
3.110352	1.206055	1.284180	1.577148	0.034983
3.115234	1.206055	1.147461	1.577148	0.035984
3.110352	1.210938	0.913086	1.567383	0.036983
3.110352	1.215820	0.903320	1.572266	0.037984
3.115234	1.215820	0.898438	1.567383	0.038984
3.110352	1.215820	0.849609	1.567383	0.039996
3.110352	1.210938	1.093750	1.572266	0.040982
3.110352	1.215820	0.820312	1.567383	0.042120
3.110352	1.210938	0.903320	1.572266	0.042983
3.110352	1.206055	0.654297	1.562500	0.043984
3.110352	1.206055	0.942383	1.567383	0.044998
3.115234	1.215820	0.859375	1.567383	0.045985
3.115234	1.215820	0.937500	1.567383	0.046983
3.115234	1.215820	0.864258	1.567383	0.047984
3.115234	1.210938	1.098633	1.572266	0.048984
3.115234	1.215820	1.074219	1.577148	0.049999
3.115234	1.210938	1.093750	1.572266	0.050980
3.110352	1.206055	0.913086	1.572266	0.052021
3.115234	1.206055	0.888672	1.567383	0.052992
3.115234	1.210938	0.732422	1.562500	0.053984
3.115234	1.215820	0.805664	1.562500	0.054984
3.110352	1.215820	0.761719	1.567383	0.055984
3.115234	1.215820	0.957031	1.567383	0.056983
3.110352	1.210938	0.795898	1.567383	0.057984
3.115234	1.210938	0.849609	1.567383	0.058984
3.115234	1.206055	0.766602	1.567383	0.059997
3.110352	1.206055	0.664062	1.562500	0.060994
3.115234	1.206055	0.527344	1.557617	0.061983
3.110352	1.210938	0.620117	1.562500	0.062989
3.115234	1.215820	0.625000	1.562500	0.063984
3.115234	1.215820	0.366211	1.557617	0.064983
3.115234	1.210938	0.537109	1.562500	0.065984
3.110352	1.210938	0.751953	1.567383	0.066984
3.115234	1.210938	0.922852	1.572266	0.067984
3.115234	1.201172	0.712891	1.562500	0.068984
3.115234	1.201172	0.844727	1.567383	0.069998
3.115234	1.210938	0.585938	1.562500	0.070981
3.110352	1.215820	0.932617	1.572266	0.071982
3.115234	1.210938	0.898438	1.567383	0.072990
3.110352	1.210938	0.957031	1.567383	0.073984
3.110352	1.210938	0.810547	1.567383	0.074984
3.115234	1.206055	0.781250	1.567383	0.075984
3.115234	1.206055	0.776367	1.567383	0.076999
3.115234	1.201172	0.683594	1.562500	0.078165
3.110352	1.206055	0.678711	1.562500	0.078987
3.115234	1.210938	0.800781	1.562500	0.080000
3.110352	1.210938	0.639648	1.562500	0.080983
3.110352	1.206055	0.830078	1.567383	0.081983
3.115234	1.206055	0.644531	1.562500	0.083127
3.110352	1.206055	0.786133	1.567383	0.083984
3.115234	1.201172	0.781250	1.562500	0.084984
3.115234	1.196289	0.776367	1.567383	0.085984
3.115234	1.201172	0.664062	1.562500	0.086984
3.115234	1.206055	0.834961	1.567383	0.087984
3.110352	1.206055	0.771484	1.567383	0.088986
3.115234	1.206055	0.976562	1.572266	0.090003
3.115234	1.201172	0.708008	1.562500	0.090983
3.110352	1.201172	0.830078	1.567383	0.091984
3.110352	1.201172	0.683594	1.562500	0.093038
3.110352	1.196289	0.800781	1.562500	0.093991
3.110352	1.196289	0.571289	1.562500	0.094984
3.115234	1.201172	0.834961	1.567383	0.095984
3.115234	1.201172	0.844727	1.567383	0.096984
3.115234	1.201172	0.727539	1.562500	0.097984
3.115234	1.201172	0.576172	1.562500	0.098986
3.115234	1.201172	0.781250	1.567383	0.100001
3.110352	1.196289	0.659180	1.562500	0.100984
3.115234	1.191406	0.585938	1.562500	0.101983
3.115234	1.191406	0.468750	1.557617	0.102984
3.115234	1.196289	0.429688	1.557617	0.103989
3.115234	1.201172	0.786133	1.567383	0.104984
3.115234	1.201172	0.737305	1.567383	0.105984
3.115234	1.196289	0.708008	1.562500	0.106984
3.110352	1.196289	0.649414	1.562500	0.107984
3.110352	1.191406	0.605469	1.562500	0.109001
3.115234	1.186523	0.375977	1.557617	0.110001
3.115234	1.186523	0.527344	1.557617	0.110983
3.115234	1.186523	0.742188	1.562500	0.111983
3.115234	1.196289	0.576172	1.557617	0.112984
3.115234	1.196289	0.722656	1.567383	0.113989
3.115234	1.196289	0.595703	1.562500	0.114984
3.115234	1.191406	0.825195	1.567383	0.115983
3.115234	1.191406	0.581055	1.562500	0.116984
3.115234	1.186523	0.727539	1.562500	0.117984
3.115234	1.186523	0.781250	1.567383	0.118985
3.115234	1.181641	0.776367	1.567383	0.120000
3.115234	1.186523	1.083984	1.572266	0.120983
3.110352	1.191406	0.917969	1.572266	0.121984
3.115234	1.191406	1.284180	1.577148	0.122984
3.115234	1.186523	0.849609	1.567383	0.124135
3.115234	1.186523	0.903320	1.567383	0.124998
3.115234	1.186523	1.015625	1.572266	0.125984
3.110352	1.181641	1.342773	1.582031	0.126984
3.110352	1.176758	1.044922	1.572266	0.127983
3.115234	1.181641	0.878906	1.567383	0.128986
3.110352	1.191406	1.108398	1.572266	0.130003
3.115234	1.186523	1.210938	1.577148	0.130983
3.115234	1.186523	1.098633	1.572266	0.131984
3.115234	1.181641	1.088867	1.572266	0.132984
3.115234	1.181641	1.166992	1.577148	0.134022
3.115234	1.176758	1.298828	1.582031	0.134991
3.110352	1.171875	0.996094	1.572266	0.135984
3.115234	1.171875	0.971680	1.567383	0.136984
3.115234	1.176758	1.176758	1.577148	0.137984
3.110352	1.186523	1.420898	1.582031	0.138986
3.115234	1.176758	1.142578	1.577148	0.140000
3.115234	1.176758	1.137695	1.577148	0.140997
3.115234	1.176758	1.088867	1.577148	0.141984
3.110352	1.171875	0.952148	1.572266	0.142984
3.110352	1.166992	0.971680	1.567383	0.143984
3.115234	1.166992	1.171875	1.577148	0.144990
3.115234	1.171875	1.000977	1.572266	0.145984
3.115234	1.176758	0.849609	1.567383	0.146983
3.110352	1.176758	0.698242	1.562500	0.147984
3.110352	1.171875	0.595703	1.562500	0.148986
3.115234	1.171875	0.947266	1.572266	0.150001
3.115234	1.166992	0.571289	1.562500	0.150983
3.115234	1.162109	0.561523	1.562500	0.151983
3.115234	1.162109	0.605469	1.562500	0.152983
3.115234	1.166992	0.849609	1.567383	0.153984
3.110352	1.171875	0.703125	1.562500	0.154989
3.115234	1.171875	0.488281	1.557617	0.155984
3.115234	1.166992	0.634766	1.562500	0.156997
3.110352	1.166992	0.629883	1.557617	0.157984
3.115234	1.162109	0.527344	1.562500	0.158986
3.110352	1.162109	0.825195	1.567383	0.160000
3.110352	1.157227	0.966797	1.572266	0.160972
3.110352	1.162109	0.922852	1.572266	0.161970
3.115234	1.166992	0.834961	1.567383	0.162969
3.115234	1.166992	0.649414	1.562500	0.163969
3.115234	1.162109	0.751953	1.567383	0.165120
3.110352	1.162109	0.854492	1.567383	0.165973
3.110352	1.162109	0.805664	1.562500	0.166970
3.115234	1.157227	0.903320	1.572266	0.167970
3.115234	1.152344	0.893555	1.567383	0.168970
3.110352	1.152344	0.937500	1.567383	0.169985
3.115234	1.157227	0.781250	1.567383	0.170984
3.115234	1.162109	0.668945	1.562500	0.171983
3.115234	1.162109	0.776367	1.567383	0.172998
3.115234	1.157227	0.664062	1.562500	0.173984
3.115234	1.157227	0.781250	1.567383	0.175023
3.110352	1.157227	0.981445	1.572266	0.175991
3.115234	1.147461	0.937500	1.567383	0.176984
3.115234	1.147461	1.010742	1.572266	0.177984
3.115234	1.152344	0.874023	1.567383	0.178986
3.115234	1.157227	0.615234	1.562500	0.180000
3.115234	1.157227	0.791016	1.567383	0.180972
3.115234	1.152344	0.815430	1.567383	0.181970
3.115234	1.152344	1.044922	1.572266	0.182970
3.115234	1.152344	0.883789	1.567383	0.183970
3.110352	1.152344	0.908203	1.572266	0.184970
3.115234	1.142578	0.747070	1.567383	0.185980
3.115234	1.142578	0.605469	1.562500	0.186969
3.115234	1.152344	0.625000	1.562500	0.187970
3.110352	1.157227	0.615234	1.562500	0.188985
3.110352	1.152344	0.634766	1.562500	0.189978
3.110352	1.152344	0.551758	1.557617	0.190983
3.115234	1.147461	0.620117	1.562500	0.191983
3.115234	1.142578	0.673828	1.562500	0.192984
3.115234	1.142578	0.722656	1.562500	0.193984
3.110352	1.142578	0.639648	1.562500	0.194984
3.110352	1.147461	0.722656	1.567383	0.195989
3.110352	1.147461	0.712891	1.562500	0.196984
3.115234	1.152344	0.756836	1.567383	0.197984
3.110352	1.147461	0.917969	1.567383	0.198986
3.110352	1.147461	0.708008	1.562500	0.200000
3.115234	1.142578	0.776367	1.567383	0.200983
3.115234	1.142578	0.727539	1.562500	0.201983
3.110352	1.137695	0.996094	1.572266	0.202983
3.110352	1.142578	0.825195	1.567383	0.203984
3.110352	1.147461	1.049805	1.572266	0.204998
3.115234	1.147461	0.815430	1.567383	0.206115
3.110352	1.147461	0.625000	1.562500	0.206984
3.115234	1.142578	0.693359	1.562500	0.207984
3.115234	1.142578	0.737305	1.562500	0.208986
3.115234	1.137695	0.683594	1.562500	0.210003
3.115234	1.137695	0.708008	1.562500	0.210983
3.115234	1.137695	0.771484	1.567383	0.211984
3.115234	1.142578	0.502930	1.557617	0.212984
3.115234	1.147461	0.903320	1.567383	0.213983
3.110352	1.147461	0.581055	1.562500	0.214984
3.115234	1.142578	1.005859	1.572266	0.216024
3.115234	1.142578	0.908203	1.567383	0.216991
3.110352	1.137695	0.966797	1.572266	0.217984
3.115234	1.132812	0.883789	1.567383	0.218986
3.110352	1.132812	0.878906	1.567383	0.219999
3.115234	1.142578	1.044922	1.572266	0.220997
3.115234	1.142578	0.922852	1.572266	0.221984
3.110352	1.142578	1.318359	1.582031	0.222984
3.115234	1.137695	1.147461	1.577148	0.223984
3.110352	1.137695	1.289062	1.582031	0.224984
3.115234	1.137695	1.162109	1.577148	0.225984
3.115234	1.132812	1.103516	1.572266	0.226989
3.115234	1.132812	1.206055	1.577148	0.227984
3.110352	1.137695	1.020508	1.572266	0.228985
3.115234	1.142578	0.947266	1.572266	0.230001
3.110352	1.142578	1.079102	1.577148	0.230983
3.110352	1.142578	1.069336	1.577148	0.231984
3.115234	1.137695	1.020508	1.572266	0.232983
3.115234	1.137695	1.196289	1.577148	0.233984
3.115234	1.132812	0.903320	1.567383	0.234984
3.115234	1.132812	0.854492	1.567383	0.235984
3.115234	1.132812	0.634766	1.562500	0.237004
3.115234	1.137695	0.961914	1.567383	0.237985
3.110352	1.142578	0.986328	1.572266	0.238985
3.115234	1.142578	0.791016	1.567383	0.239999
3.115234	1.142578	0.825195	1.567383	0.240983
3.115234	1.137695	0.922852	1.572266	0.241983
3.110352	1.137695	0.922852	1.572266	0.242983
3.115234	1.132812	0.839844	1.567383	0.243984
3.115234	1.132812	0.864258	1.567383	0.244984
3.115234	1.142578	0.742188	1.567383	0.245984
3.115234	1.142578	0.668945	1.562500	0.247125
3.115234	1.142578	0.717773	1.562500	0.247984
3.115234	1.142578	0.766602	1.567383	0.248986
3.115234	1.142578	0.629883	1.562500	0.250002
3.110352	1.142578	0.698242	1.562500	0.250983
3.115234	1.132812	0.805664	1.567383	0.251983
3.115234	1.132812	1.103516	1.572266	0.252997
3.115234	1.137695	0.903320	1.572266	0.253984
3.115234	1.142578	0.854492	1.567383	0.254984
3.115234	1.147461	0.742188	1.567383	0.255984
3.110352	1.142578	0.761719	1.567383	0.257023
3.110352	1.142578	0.737305	1.562500	0.257992
3.115234	1.142578	0.883789	1.567383	0.258986
3.115234	1.137695	0.917969	1.567383	0.260000
3.110352	1.132812	0.820312	1.567383	0.260983
3.110352	1.137695	1.010742	1.572266	0.261983
3.115234	1.142578	0.668945	1.562500	0.262983
3.110352	1.147461	0.688477	1.562500	0.263984
3.110352	1.147461	0.590820	1.562500	0.264983
3.115234	1.142578	0.810547	1.562500	0.265984
3.110352	1.142578	1.035156	1.572266	0.266984
3.115234	1.142578	0.722656	1.562500	0.267989
3.110352	1.137695	0.737305	1.567383	0.269000
3.110352	1.137695	0.932617	1.572266	0.270001
3.110352	1.142578	1.035156	1.572266	0.270983
3.110352	1.147461	0.883789	1.567383	0.271983
3.115234	1.147461	0.859375	1.567383	0.272984
3.115234	1.142578	0.751953	1.567383	0.273983
3.110352	1.147461	0.874023	1.567383	0.274983
3.115234	1.142578	0.791016	1.567383	0.275983
3.115234	1.142578	0.737305	1.562500	0.276984
3.110352	1.137695	0.644531	1.562500	0.277989
3.115234	1.142578	0.581055	1.557617	0.278986
3.115234	1.147461	0.634766	1.562500	0.279999
3.115234	1.152344	0.532227	1.562500	0.280983
3.115234	1.147461	0.419922	1.557617	0.281983
3.110352	1.147461	0.683594	1.562500	0.282984
3.115234	1.147461	0.385742	1.557617	0.283984
3.115234	1.142578	0.463867	1.557617	0.284998
3.115234	1.137695	0.507812	1.557617	0.285984
3.110352	1.142578	0.424805	1.557617	0.286984
3.115234	1.147461	0.649414	1.562500	0.288126
3.115234	1.152344	0.649414	1.562500	0.288986
3.110352	1.152344	0.791016	1.567383	0.290003
3.110352	1.147461	0.898438	1.572266	0.290983
3.110352	1.152344	0.712891	1.562500	0.291983
3.110352	1.147461	0.717773	1.562500	0.292984
3.110352	1.142578	0.810547	1.567383	0.293984
3.115234	1.142578	0.820312	1.567383	0.294984
3.110352	1.147461	0.571289	1.557617	0.295984
3.115234	1.157227	0.854492	1.567383	0.296984
3.115234	1.157227	0.625000	1.562500	0.298022
3.115234	1.152344	0.781250	1.567383	0.298992
3.115234	1.152344	0.761719	1.567383	0.299999
3.115234	1.152344	0.742188	1.567383	0.300997
3.115234	1.147461	0.766602	1.562500	0.301985
3.115234	1.147461	0.810547	1.567383	0.302984
3.115234	1.152344	0.742188	1.567383	0.303983
3.115234	1.157227	0.742188	1.567383	0.304984
3.115234	1.162109	0.732422	1.562500	0.305984
3.110352	1.157227	0.683594	1.562500	0.306983
3.115234	1.157227	0.810547	1.562500	0.307983
3.110352	1.152344	0.922852	1.572266	0.308991
3.110352	1.152344	1.000977	1.572266	0.310001
3.115234	1.147461	1.118164	1.572266	0.310983
3.110352	1.152344	1.313477	1.582031	0.311983
3.110352	1.152344	1.010742	1.572266	0.312984
3.115234	1.162109	1.015625	1.572266	0.313984
3.115234	1.162109	0.883789	1.567383	0.314983
3.110352	1.157227	1.049805	1.572266	0.315984
3.115234	1.157227	1.137695	1.577148	0.316998
3.115234	1.157227	1.132812	1.577148	0.317984
3.115234	1.147461	0.942383	1.572266	0.319208
3.115234	1.152344	0.839844	1.567383	0.319990
3.115234	1.157227	0.961914	1.572266	0.320983
3.115234	1.162109	0.922852	1.572266	0.321984
3.110352	1.162109	0.742188	1.567383	0.322983
3.115234	1.162109	0.986328	1.572266	0.323983
3.110352	1.162109	1.040039	1.572266	0.324983
3.115234	1.157227	1.069336	1.577148	0.325983
3.110352	1.157227	0.942383	1.572266	0.326983
3.115234	1.152344	1.142578	1.577148	0.327984
3.110352	1.157227	1.142578	1.577148	0.329127
3.115234	1.166992	0.903320	1.567383	0.330002
3.115234	1.166992	1.059570	1.577148	0.330983
3.110352	1.166992	0.810547	1.567383	0.331984
3.115234	1.166992	0.771484	1.567383	0.332998
3.115234	1.162109	1.113281	1.572266	0.333983
3.115234	1.162109	0.878906	1.567383	0.334984
3.110352	1.157227	0.888672	1.567383	0.335984
3.115234	1.157227	0.708008	1.562500	0.336983
3.115234	1.166992	0.698242	1.562500	0.337983
3.115234	1.166992	0.629883	1.562500	0.339020
3.115234	1.166992	0.532227	1.562500	0.340004
3.115234	1.166992	0.664062	1.562500	0.340984
3.115234	1.166992	0.776367	1.567383	0.341983
3.115234	1.166992	0.654297	1.562500	0.342984
3.115234	1.162109	0.683594	1.562500	0.343983
3.110352	1.162109	0.444336	1.557617	0.344984
3.110352	1.171875	0.429688	1.557617	0.345984
3.115234	1.171875	0.527344	1.562500	0.346984
3.110352	1.176758	0.703125	1.562500	0.347983
3.115234	1.171875	1.103516	1.572266	0.348999
3.115234	1.171875	0.644531	1.562500	0.349991
3.115234	1.171875	0.522461	1.562500	0.350984
3.110352	1.166992	0.820312	1.567383	0.351984
3.115234	1.166992	0.742188	1.567383	0.352984
3.110352	1.171875	0.615234	1.562500	0.353984
3.110352	1.176758	0.795898	1.567383	0.354984
3.115234	1.181641	1.118164	1.577148	0.355983
3.115234	1.176758	0.937500	1.572266	0.356984
3.115234	1.176758	0.825195	1.567383	0.357984
3.115234	1.176758	0.937500	1.567383	0.358986
3.115234	1.176758	0.766602	1.567383	0.359998
3.110352	1.171875	0.766602	1.567383	0.360985
3.115234	1.171875	1.035156	1.572266	0.361984
3.115234	1.181641	0.888672	1.567383	0.362984
3.110352	1.186523	0.957031	1.572266	0.363983
3.110352	1.181641	0.878906	1.567383	0.364999
3.110352	1.181641	0.961914	1.572266	0.365984
3.115234	1.181641	0.747070	1.567383	0.366984
3.115234	1.181641	0.776367	1.567383	0.367984
3.115234	1.176758	0.961914	1.567383	0.368986
3.115234	1.176758	0.927734	1.572266	0.370182
3.115234	1.181641	0.751953	1.567383	0.370984
3.110352	1.186523	0.756836	1.567383	0.372198
3.110352	1.186523	0.654297	1.562500	0.372991
3.110352	1.186523	0.649414	1.562500	0.373984
3.115234	1.186523	0.742188	1.567383	0.374983
3.115234	1.186523	0.634766	1.562500	0.375984
3.115234	1.181641	0.786133	1.567383	0.376983
3.115234	1.181641	0.629883	1.562500	0.377984
3.115234	1.186523	0.610352	1.562500	0.378985
3.115234	1.191406	0.678711	1.562500	0.380001
3.110352	1.191406	0.659180	1.562500	0.381006
3.115234	1.191406	0.825195	1.567383	0.381983
3.115234	1.191406	0.727539	1.562500	0.382984
3.110352	1.191406	0.781250	1.567383	0.383984
3.115234	1.186523	0.664062	1.562500	0.384985
3.110352	1.181641	0.610352	1.562500	0.385984
3.115234	1.186523	0.698242	1.562500	0.386984
3.110352	1.191406	0.732422	1.567383	0.387984
3.110352	1.196289	0.527344	1.562500	0.388986
3.115234	1.196289	0.668945	1.562500	0.390000
3.115234	1.191406	0.512695	1.557617	0.390990
3.115234	1.191406	0.507812	1.557617	0.391984
3.110352	1.191406	0.751953	1.567383	0.392983
3.115234	1.186523	0.673828	1.562500	0.393984
3.115234	1.186523	0.830078	1.567383	0.394984
3.110352	1.191406	0.815430	1.567383	0.395984
3.115234	1.196289	0.747070	1.567383	0.396999
3.110352	1.196289	0.737305	1.567383	0.397984
3.110352	1.196289	0.722656	1.562500	0.398986
3.115234	1.196289	0.756836	1.567383	0.400003
3.115234	1.196289	0.732422	1.562500	0.400992
3.115234	1.191406	0.883789	1.567383	0.401984
3.115234	1.191406	1.054688	1.572266	0.402984
3.115234	1.196289	0.947266	1.572266	0.403983
3.115234	1.201172	0.942383	1.567383	0.404984
3.110352	1.206055	0.688477	1.562500	0.405984
3.115234	1.201172	0.761719	1.567383	0.406984
3.115234	1.196289	0.996094	1.572266	0.407984
3.115234	1.196289	1.005859	1.572266	0.408986
3.115234	1.196289	1.201172	1.577148	0.410000
3.115234	1.191406	1.108398	1.577148	0.411148
3.115234	1.191406	0.898438	1.567383	0.411984
3.110352	1.201172	0.820312	1.567383	0.413000
3.110352	1.206055	0.864258	1.567383	0.413983
3.110352	1.206055	0.971680	1.572266	0.414983
3.115234	1.201172	1.118164	1.577148	0.415984
3.115234	1.206055	0.917969	1.567383	0.416983
3.115234	1.201172	1.093750	1.572266	0.417984
3.115234	1.196289	1.118164	1.572266	0.418986
3.115234	1.196289	1.083984	1.572266	0.420001
3.115234	1.206055	0.981445	1.572266	0.420971
3.115234	1.206055	0.820312	1.567383	0.421981
3.110352	1.206055	0.922852	1.567383	0.422970
3.115234	1.206055	0.903320	1.567383	0.423970
3.110352	1.206055	0.947266	1.567383	0.424970
3.115234	1.206055	0.917969	1.567383	0.425970
3.115234	1.201172	0.859375	1.567383	0.426970
3.115234	1.196289	0.913086	1.572266	0.427969
3.110352	1.206055	0.927734	1.572266	0.428985
3.110352	1.210938	0.791016	1.567383	0.429978
3.115234	1.210938	0.610352	1.562500	0.430983
3.110352	1.210938	0.585938	1.562500	0.431989
3.115234	1.210938	0.737305	1.562500	0.432983
3.115234	1.206055	0.996094	1.572266	0.433983
3.115234	1.201172	0.874023	1.567383	0.434983
3.115234	1.201172	0.859375	1.567383	0.435983
3.115234	1.206055	1.010742	1.572266	0.436983
3.115234	1.210938	0.913086	1.567383	0.437983
3.115234	1.210938	0.693359	1.562500	0.438985
3.110352	1.210938	0.600586	1.562500	0.440004
3.110352	1.210938	0.805664	1.567383	0.440982
3.115234	1.210938	0.810547	1.567383	0.441990
3.115234	1.210938	0.727539	1.562500	0.442983
3.115234	1.206055	0.722656	1.562500	0.443983
3.115234	1.206055	0.859375	1.567383	0.444998
3.110352	1.210938	0.800781	1.562500	0.445983
3.115234	1.215820	0.581055	1.557617	0.446983
3.115234	1.215820	0.844727	1.567383	0.447983
3.115234	1.215820	0.795898	1.562500	0.448985
3.115234	1.215820	0.717773	1.562500	0.450000
3.115234	1.215820	0.937500	1.567383	0.450983
3.115234	1.206055	0.781250	1.567383	0.452122
3.115234	1.210938	0.878906	1.572266	0.453817
3.110352	1.220703	0.727539	1.567383	0.455199
3.115234	1.220703	0.913086	1.572266	0.455984
3.115234	1.220703	0.986328	1.572266	0.456984
3.115234	1.215820	0.981445	1.572266	0.457984
3.115234	1.215820	0.922852	1.572266	0.458986
3.115234	1.215820	1.132812	1.577148	0.459999
3.115234	1.210938	1.005859	1.572266	0.460997
3.115234	1.210938	0.864258	1.567383	0.462024
3.115234	1.215820	0.800781	1.567383	0.462991
3.115234	1.220703	0.913086	1.567383	0.463984
3.115234	1.220703	0.908203	1.572266	0.464983
3.110352	1.220703	0.976562	1.572266	0.465983
3.110352	1.220703	0.942383	1.567383	0.466983
3.115234	1.220703	0.815430	1.567383	0.467984
3.115234	1.210938	0.722656	1.562500	0.468985
3.115234	1.210938	0.615234	1.562500	0.470002
3.115234	1.215820	0.541992	1.557617	0.470983
3.115234	1.225586	0.654297	1.562500	0.471984
3.110352	1.225586	0.634766	1.562500	0.472988
3.110352	1.220703	0.878906	1.567383	0.473985
3.110352	1.220703	0.810547	1.567383	0.474984
3.115234	1.220703	0.922852	1.572266	0.475984
3.115234	1.215820	0.922852	1.572266	0.476998
3.115234	1.215820	0.834961	1.567383	0.477984
3.115234	1.220703	0.839844	1.567383	0.478986
3.115234	1.225586	0.786133	1.562500	0.480000
3.115234	1.225586	0.839844	1.567383	0.480971
3.110352	1.225586	0.830078	1.567383	0.481970
3.115234	1.225586	0.683594	1.562500	0.482979
3.115234	1.225586	0.761719	1.567383	0.483969
3.110352	1.225586	0.971680	1.572266	0.484969
3.115234	1.215820	0.795898	1.567383	0.485969
3.110352	1.215820	0.659180	1.562500	0.486969
3.110352	1.225586	0.727539	1.562500	0.487969
3.115234	1.230469	0.659180	1.562500	0.488969
3.110352	1.230469	0.576172	1.562500	0.489978
3.115234	1.225586	0.625000	1.562500	0.490983
3.115234	1.225586	0.849609	1.567383	0.491984
3.115234	1.220703	0.732422	1.567383	0.493136
3.110352	1.220703	0.776367	1.567383	0.493984
3.115234	1.220703	0.727539	1.562500	0.494984
3.115234	1.225586	0.893555	1.567383	0.495984
3.110352	1.230469	0.957031	1.572266	0.496984
3.115234	1.230469	0.776367	1.567383	0.497984
3.115234	1.230469	0.888672	1.567383	0.498987
3.110352	1.230469	0.883789	1.567383	0.500000
3.115234	1.225586	0.981445	1.572266	0.500983
3.115234	1.225586	0.961914	1.567383	0.501984
3.110352	1.220703	0.903320	1.572266	0.503023
3.115234	1.220703	0.795898	1.562500	0.503990
3.115234	1.230469	0.908203	1.572266	0.504984
3.115234	1.230469	0.898438	1.572266	0.505984
3.115234	1.230469	0.820312	1.567383	0.506984
3.115234	1.230469	0.664062	1.562500	0.507984
3.110352	1.230469	0.703125	1.562500	0.509000
3.115234	1.225586	1.025391	1.572266	0.510002
3.115234	1.220703	0.839844	1.567383	0.510983
3.115234	1.220703	0.849609	1.567383	0.511983
