3.115234	2.153320	1.005859	1.557617	0.000000
3.115234	2.153320	1.171875	1.562500	0.000995
3.115234	2.153320	0.903320	1.552734	0.001994
3.110352	2.158203	0.537109	1.542969	0.002994
3.115234	2.158203	0.478516	1.542969	0.004009
3.110352	2.153320	0.556641	1.547852	0.004996
3.110352	2.158203	0.712891	1.547852	0.006012
3.115234	2.158203	0.678711	1.547852	0.006983
3.115234	2.153320	0.590820	1.542969	0.007980
3.110352	2.158203	0.615234	1.547852	0.009082
3.115234	2.153320	0.664062	1.547852	0.009983
3.115234	2.153320	0.717773	1.547852	0.010981
3.115234	2.158203	0.600586	1.547852	0.011981
3.115234	2.158203	0.595703	1.547852	0.012980
3.115234	2.153320	0.561523	1.542969	0.013980
3.115234	2.158203	0.444336	1.542969	0.014981
3.115234	2.153320	0.629883	1.547852	0.015976
3.115234	2.158203	0.947266	1.552734	0.016980
3.115234	2.158203	1.030273	1.557617	0.017981
3.115234	2.158203	0.878906	1.552734	0.019018
3.115234	2.153320	1.445312	1.567383	0.020007
3.110352	2.158203	1.215820	1.562500	0.020981
3.115234	2.158203	1.328125	1.562500	0.021980
3.115234	2.158203	1.157227	1.562500	0.022981
3.110352	2.158203	1.059570	1.557617	0.023980
3.115234	2.158203	0.932617	1.552734	0.024981
3.110352	2.153320	0.893555	1.552734	0.026050
3.115234	2.158203	0.913086	1.557617	0.026994
3.115234	2.158203	0.688477	1.547852	0.027994
3.115234	2.158203	0.561523	1.542969	0.028994
3.110352	2.158203	0.458984	1.542969	0.030001
3.115234	2.158203	0.400391	1.538086	0.030995
3.115234	2.158203	0.629883	1.542969	0.031995
3.115234	2.153320	0.493164	1.542969	0.032995
3.110352	2.153320	0.566406	1.542969	0.033995
3.115234	2.153320	0.468750	1.542969	0.034997
3.110352	2.158203	0.551758	1.542969	0.036024
3.115234	2.158203	0.639648	1.547852	0.036994
3.115234	2.153320	0.463867	1.542969	0.037994
3.110352	2.153320	0.625000	1.547852	0.038995
3.115234	2.158203	0.625000	1.547852	0.040000
3.115234	2.158203	0.761719	1.547852	0.040995
3.115234	2.153320	0.634766	1.542969	0.041995
3.115234	2.153320	0.708008	1.547852	0.042995
3.115234	2.158203	0.864258	1.552734	0.043995
3.115234	2.153320	0.810547	1.547852	0.044997
3.115234	2.158203	0.849609	1.552734	0.046010
3.115234	2.153320	0.742188	1.547852	0.046994
3.110352	2.158203	0.722656	1.547852	0.047994
3.115234	2.158203	0.878906	1.552734	0.048995
3.115234	2.153320	0.703125	1.547852	0.050128
3.115234	2.153320	0.820312	1.552734	0.050993
3.115234	2.158203	0.815430	1.552734	0.052009
3.110352	2.158203	0.922852	1.557617	0.052995
3.115234	2.158203	1.000977	1.557617	0.053994
3.115234	2.158203	1.064453	1.557617	0.054996
3.110352	2.158203	1.108398	1.557617	0.056011
3.115234	2.153320	1.098633	1.557617	0.056994
3.115234	2.153320	1.225586	1.562500	0.057995
3.110352	2.158203	1.127930	1.557617	0.058995
3.115234	2.158203	1.196289	1.562500	0.060034
3.110352	2.158203	1.171875	1.562500	0.061002
3.110352	2.158203	1.123047	1.557617	0.061995
3.110352	2.158203	1.005859	1.557617	0.062994
3.115234	2.153320	1.020508	1.557617	0.063994
3.115234	2.158203	1.064453	1.557617	0.064996
3.110352	2.158203	1.196289	1.562500	0.066011
3.115234	2.158203	1.279297	1.562500	0.066993
3.110352	2.158203	1.132812	1.562500	0.068007
3.110352	2.158203	1.074219	1.557617	0.068995
3.110352	2.158203	1.030273	1.557617	0.069995
3.115234	2.158203	1.123047	1.557617	0.071001
3.115234	2.153320	1.157227	1.562500	0.071995
3.115234	2.158203	1.020508	1.557617	0.072994
3.115234	2.158203	1.079102	1.557617	0.073994
3.115234	2.158203	1.176758	1.562500	0.074996
3.110352	2.153320	1.210938	1.562500	0.076010
3.115234	2.158203	1.328125	1.562500	0.076993
3.110352	2.153320	1.240234	1.562500	0.077994
3.115234	2.158203	1.201172	1.562500	0.078994
3.115234	2.158203	1.123047	1.557617	0.079995
3.115234	2.158203	1.235352	1.562500	0.081001
3.115234	2.158203	1.191406	1.562500	0.081995
3.115234	2.158203	1.127930	1.557617	0.082995
3.110352	2.158203	1.147461	1.562500	0.084008
3.115234	2.153320	1.020508	1.557617	0.084996
3.115234	2.158203	0.942383	1.552734	0.086010
3.115234	2.153320	1.049805	1.557617	0.086993
3.110352	2.153320	0.903320	1.552734	0.087994
3.115234	2.158203	0.874023	1.552734	0.088994
3.115234	2.153320	0.708008	1.547852	0.089995
3.115234	2.158203	0.717773	1.547852	0.091136
3.115234	2.158203	0.649414	1.547852	0.091994
3.110352	2.158203	0.654297	1.547852	0.092995
3.115234	2.153320	0.795898	1.547852	0.093995
3.110352	2.158203	0.649414	1.547852	0.094996
3.115234	2.158203	0.659180	1.542969	0.096010
3.115234	2.153320	0.600586	1.547852	0.096994
3.110352	2.158203	0.512695	1.542969	0.097994
3.115234	2.153320	0.444336	1.542969	0.098994
3.115234	2.158203	0.483398	1.542969	0.100008
3.115234	2.153320	0.595703	1.542969	0.101034
3.110352	2.158203	0.532227	1.542969	0.102002
3.115234	2.158203	0.605469	1.547852	0.102995
3.115234	2.153320	0.551758	1.542969	0.103994
3.115234	2.158203	0.678711	1.547852	0.104996
3.110352	2.153320	0.737305	1.547852	0.106010
3.115234	2.153320	0.620117	1.547852	0.106993
3.115234	2.158203	0.493164	1.542969	0.107994
3.115234	2.153320	0.463867	1.542969	0.108994
3.115234	2.153320	0.566406	1.542969	0.109994
3.115234	2.153320	0.556641	1.542969	0.110995
3.115234	2.158203	0.502930	1.542969	0.112001
3.115234	2.158203	0.600586	1.547852	0.112995
3.115234	2.158203	0.517578	1.542969	0.113994
3.115234	2.158203	0.693359	1.547852	0.114996
3.115234	2.158203	0.600586	1.547852	0.116024
3.115234	2.153320	0.615234	1.547852	0.116994
3.115234	2.153320	0.595703	1.547852	0.117995
3.115234	2.158203	0.581055	1.542969	0.118994
3.110352	2.158203	0.595703	1.547852	0.119994
3.115234	2.153320	0.585938	1.547852	0.120994
3.110352	2.153320	0.551758	1.547852	0.122001
3.115234	2.158203	0.566406	1.542969	0.122995
3.110352	2.158203	0.595703	1.547852	0.123994
3.110352	2.158203	0.708008	1.547852	0.125120
3.110352	2.153320	0.585938	1.547852	0.126014
3.115234	2.158203	0.839844	1.552734	0.126993
3.115234	2.158203	0.849609	1.552734	0.127994
3.115234	2.158203	0.966797	1.552734	0.128993
3.110352	2.158203	1.000977	1.557617	0.129994
3.115234	2.153320	0.917969	1.552734	0.130994
3.115234	2.153320	0.849609	1.552734	0.132154
3.115234	2.158203	0.898438	1.552734	0.132994
3.115234	2.158203	1.040039	1.557617	0.133995
3.115234	2.153320	1.040039	1.557617	0.134997
3.115234	2.158203	1.132812	1.557617	0.136010
3.115234	2.153320	1.123047	1.557617	0.136994
3.110352	2.158203	1.113281	1.557617	0.137994
3.115234	2.153320	1.049805	1.557617	0.138995
3.110352	2.158203	0.971680	1.552734	0.139994
3.110352	2.158203	1.074219	1.557617	0.140995
3.115234	2.158203	1.083984	1.557617	0.142033
3.115234	2.158203	1.137695	1.562500	0.143002
3.110352	2.158203	1.118164	1.557617	0.143995
3.115234	2.158203	1.059570	1.557617	0.144996
3.115234	2.158203	1.049805	1.557617	0.146010
3.115234	2.158203	1.064453	1.562500	0.146993
3.110352	2.153320	1.113281	1.557617	0.148010
3.110352	2.153320	1.137695	1.557617	0.148994
3.110352	2.158203	1.181641	1.562500	0.149994
3.110352	2.153320	1.308594	1.562500	0.150995
3.115234	2.158203	1.157227	1.557617	0.151995
3.115234	2.158203	1.171875	1.562500	0.153000
3.110352	2.158203	1.054688	1.557617	0.153994
3.115234	2.158203	1.049805	1.557617	0.154996
3.110352	2.158203	0.927734	1.552734	0.156011
3.110352	2.158203	0.839844	1.552734	0.156993
3.115234	2.158203	0.971680	1.552734	0.157994
3.115234	2.153320	0.908203	1.552734	0.158994
3.110352	2.153320	0.795898	1.547852	0.159994
3.110352	2.158203	0.957031	1.552734	0.160994
3.115234	2.153320	0.937500	1.552734	0.161995
3.110352	2.158203	0.952148	1.552734	0.163000
3.115234	2.158203	0.844727	1.552734	0.164010
3.115234	2.158203	1.000977	1.557617	0.164996
3.110352	2.158203	1.005859	1.557617	0.166010
3.115234	2.153320	1.079102	1.557617	0.166993
3.115234	2.158203	1.083984	1.557617	0.167993
3.115234	2.153320	0.859375	1.552734	0.168994
3.110352	2.158203	0.864258	1.552734	0.169994
3.110352	2.153320	0.698242	1.547852	0.170994
3.115234	2.153320	0.751953	1.552734	0.171995
3.115234	2.158203	0.756836	1.552734	0.173136
3.110352	2.153320	0.722656	1.547852	0.173993
3.110352	2.153320	0.805664	1.547852	0.174997
3.115234	2.158203	0.766602	1.547852	0.176011
3.115234	2.153320	0.859375	1.552734	0.176994
3.115234	2.153320	0.659180	1.542969	0.177994
3.115234	2.158203	0.786133	1.547852	0.178994
3.115234	2.158203	0.834961	1.552734	0.180010
3.115234	2.153320	0.688477	1.547852	0.180994
3.115234	2.158203	0.805664	1.547852	0.181994
3.115234	2.158203	0.742188	1.547852	0.183033
3.115234	2.153320	0.727539	1.547852	0.184002
3.115234	2.158203	0.810547	1.547852	0.184997
3.115234	2.153320	0.776367	1.552734	0.186013
3.115234	2.153320	0.742188	1.547852	0.186993
3.115234	2.153320	0.634766	1.542969	0.187994
3.115234	2.158203	0.781250	1.547852	0.188994
3.115234	2.153320	0.839844	1.552734	0.189994
3.115234	2.158203	0.815430	1.547852	0.190994
3.110352	2.158203	0.688477	1.547852	0.191994
3.115234	2.153320	0.541992	1.542969	0.192995
3.115234	2.153320	0.600586	1.547852	0.194001
3.110352	2.158203	0.605469	1.547852	0.194996
3.115234	2.158203	0.522461	1.542969	0.196027
3.110352	2.158203	0.541992	1.542969	0.196983
3.115234	2.158203	0.444336	1.542969	0.197980
3.110352	2.158203	0.561523	1.542969	0.198980
3.115234	2.158203	0.561523	1.542969	0.199981
3.110352	2.158203	0.659180	1.542969	0.200980
3.115234	2.158203	0.688477	1.547852	0.201980
3.110352	2.158203	0.664062	1.547852	0.202980
3.115234	2.153320	0.659180	1.547852	0.203990
3.115234	2.158203	0.541992	1.542969	0.204981
3.115234	2.158203	0.698242	1.547852	0.205989
3.115234	2.153320	0.810547	1.552734	0.206994
3.115234	2.158203	0.849609	1.552734	0.207995
3.115234	2.158203	0.810547	1.547852	0.208995
3.110352	2.158203	0.673828	1.547852	0.209994
3.115234	2.153320	0.644531	1.542969	0.210994
3.115234	2.158203	0.800781	1.547852	0.212009
3.110352	2.153320	0.869141	1.552734	0.212994
3.115234	2.153320	0.756836	1.552734	0.214126
3.115234	2.158203	0.756836	1.552734	0.214995
3.110352	2.158203	0.683594	1.547852	0.216011
3.115234	2.158203	0.761719	1.552734	0.216993
3.110352	2.158203	0.830078	1.552734	0.217994
3.110352	2.158203	0.791016	1.547852	0.218994
3.115234	2.153320	0.698242	1.547852	0.219995
3.115234	2.158203	0.786133	1.547852	0.220994
3.115234	2.153320	0.854492	1.552734	0.221994
3.115234	2.153320	1.000977	1.557617	0.222994
3.115234	2.158203	0.869141	1.552734	0.224034
3.115234	2.153320	0.952148	1.552734	0.225003
3.115234	2.153320	0.854492	1.552734	0.226010
3.115234	2.158203	0.815430	1.547852	0.226993
3.115234	2.158203	0.883789	1.552734	0.228009
3.115234	2.158203	0.883789	1.552734	0.228994
3.115234	2.158203	0.869141	1.552734	0.229994
3.110352	2.158203	0.878906	1.552734	0.230994
3.115234	2.153320	0.937500	1.552734	0.231995
3.115234	2.158203	1.064453	1.557617	0.232994
3.110352	2.153320	1.118164	1.557617	0.233994
3.110352	2.153320	1.230469	1.562500	0.235001
3.115234	2.158203	1.245117	1.562500	0.236010
3.115234	2.153320	1.225586	1.562500	0.236993
3.110352	2.158203	1.171875	1.562500	0.237994
3.115234	2.158203	1.264648	1.562500	0.238994
3.115234	2.158203	1.284180	1.562500	0.239994
3.115234	2.153320	1.123047	1.557617	0.240994
3.115234	2.158203	1.147461	1.557617	0.241994
3.115234	2.158203	1.020508	1.557617	0.242995
3.110352	2.153320	1.025391	1.557617	0.244010
3.115234	2.153320	0.854492	1.552734	0.245002
3.115234	2.158203	0.942383	1.552734	0.246010
3.115234	2.153320	0.976562	1.557617	0.246994
3.115234	2.158203	0.800781	1.547852	0.247994
3.115234	2.158203	0.815430	1.547852	0.248994
3.115234	2.153320	0.820312	1.552734	0.249994
3.115234	2.158203	0.795898	1.547852	0.250994
3.115234	2.153320	0.898438	1.552734	0.251994
3.115234	2.153320	0.703125	1.547852	0.252994
3.110352	2.158203	0.693359	1.547852	0.253995
3.115234	2.158203	0.527344	1.542969	0.255140
3.110352	2.153320	0.698242	1.547852	0.256011
3.115234	2.153320	0.629883	1.542969	0.256994
3.115234	2.158203	0.688477	1.547852	0.257994
3.115234	2.158203	0.761719	1.552734	0.258994
3.115234	2.158203	0.629883	1.542969	0.260010
3.115234	2.158203	0.883789	1.552734	0.260994
3.115234	2.153320	0.839844	1.547852	0.261995
3.115234	2.158203	0.717773	1.547852	0.262994
3.115234	2.158203	0.629883	1.542969	0.263994
3.115234	2.158203	0.644531	1.547852	0.265031
3.115234	2.153320	0.649414	1.547852	0.266015
3.110352	2.153320	0.585938	1.547852	0.266994
3.115234	2.153320	0.527344	1.542969	0.267995
3.110352	2.158203	0.629883	1.547852	0.268994
3.115234	2.158203	0.722656	1.547852	0.269994
3.110352	2.158203	0.703125	1.547852	0.270994
3.115234	2.158203	0.732422	1.547852	0.271995
3.115234	2.158203	0.708008	1.547852	0.272994
3.115234	2.158203	0.654297	1.547852	0.273994
3.115234	2.158203	0.678711	1.547852	0.274994
3.110352	2.158203	0.649414	1.547852	0.276027
3.115234	2.158203	0.727539	1.547852	0.276983
3.115234	2.158203	0.756836	1.547852	0.277979
3.115234	2.158203	0.634766	1.547852	0.278980
3.115234	2.158203	0.654297	1.547852	0.279979
3.115234	2.158203	0.683594	1.547852	0.280980
3.115234	2.158203	0.751953	1.552734	0.281979
3.110352	2.158203	0.708008	1.547852	0.282979
3.110352	2.158203	0.859375	1.552734	0.283980
3.115234	2.153320	0.937500	1.552734	0.284981
3.115234	2.158203	0.913086	1.552734	0.285999
3.115234	2.153320	0.966797	1.552734	0.286994
3.115234	2.153320	0.815430	1.547852	0.287994
3.110352	2.158203	0.839844	1.552734	0.288994
3.115234	2.158203	0.922852	1.552734	0.289993
3.115234	2.153320	0.849609	1.547852	0.290993
3.115234	2.153320	0.874023	1.552734	0.292009
3.110352	2.153320	0.859375	1.552734	0.292993
3.115234	2.158203	0.810547	1.547852	0.293994
3.110352	2.158203	0.810547	1.547852	0.294996
3.115234	2.153320	0.815430	1.552734	0.296185
3.115234	2.153320	0.708008	1.547852	0.296993
3.115234	2.158203	0.698242	1.547852	0.297994
3.115234	2.153320	0.722656	1.547852	0.298994
3.115234	2.158203	0.781250	1.552734	0.299994
3.115234	2.158203	0.761719	1.547852	0.300994
3.115234	2.158203	0.712891	1.547852	0.301994
3.115234	2.153320	0.581055	1.542969	0.302994
3.110352	2.158203	0.639648	1.547852	0.303994
3.115234	2.158203	0.615234	1.542969	0.304996
3.115234	2.158203	0.776367	1.547852	0.306014
3.115234	2.153320	0.859375	1.552734	0.307002
3.115234	2.153320	0.815430	1.552734	0.308009
3.115234	2.158203	0.810547	1.547852	0.308994
3.115234	2.158203	0.903320	1.552734	0.309993
3.115234	2.158203	0.869141	1.552734	0.310994
3.115234	2.158203	0.917969	1.552734	0.311994
3.110352	2.153320	0.732422	1.547852	0.312994
3.115234	2.158203	0.815430	1.547852	0.313993
3.115234	2.153320	0.800781	1.547852	0.314995
3.115234	2.153320	0.722656	1.547852	0.316011
3.115234	2.153320	0.957031	1.552734	0.317000
3.115234	2.153320	0.927734	1.552734	0.317994
3.115234	2.158203	0.908203	1.552734	0.318994
3.110352	2.158203	0.820312	1.552734	0.319993
3.115234	2.153320	1.000977	1.557617	0.320994
3.110352	2.158203	0.654297	1.547852	0.321993
3.115234	2.158203	0.849609	1.547852	0.322993
3.115234	2.153320	0.703125	1.547852	0.324009
3.110352	2.153320	0.727539	1.547852	0.324996
3.115234	2.158203	0.834961	1.552734	0.326009
3.115234	2.153320	0.737305	1.547852	0.326999
3.110352	2.158203	0.693359	1.547852	0.327994
3.115234	2.153320	0.791016	1.547852	0.328993
3.115234	2.158203	0.932617	1.552734	0.329993
3.115234	2.153320	0.991211	1.552734	0.330994
3.110352	2.158203	1.010742	1.557617	0.331994
3.115234	2.158203	0.898438	1.552734	0.332994
3.115234	2.158203	1.054688	1.557617	0.333994
3.110352	2.158203	1.132812	1.557617	0.334996
3.110352	2.158203	1.157227	1.557617	0.336011
3.115234	2.153320	1.079102	1.557617	0.337150
3.115234	2.153320	1.103516	1.557617	0.337994
3.115234	2.158203	0.991211	1.557617	0.338994
3.110352	2.153320	1.054688	1.557617	0.340009
3.115234	2.158203	1.044922	1.557617	0.340994
3.110352	2.158203	1.186523	1.557617	0.341994
3.115234	2.153320	1.054688	1.557617	0.342993
3.115234	2.158203	1.049805	1.557617	0.343993
3.110352	2.153320	1.259766	1.557617	0.344995
3.115234	2.158203	1.093750	1.557617	0.346008
3.115234	2.153320	1.181641	1.557617	0.347029
3.115234	2.158203	1.064453	1.557617	0.348002
3.115234	2.158203	0.874023	1.552734	0.348994
3.110352	2.153320	0.878906	1.552734	0.349994
3.115234	2.153320	0.996094	1.552734	0.350994
3.115234	2.158203	0.937500	1.552734	0.351993
3.110352	2.158203	0.781250	1.547852	0.352993
3.115234	2.158203	0.659180	1.547852	0.353993
3.115234	2.158203	0.703125	1.547852	0.354995
3.115234	2.153320	0.859375	1.552734	0.356024
3.115234	2.158203	0.996094	1.552734	0.356993
3.115234	2.153320	0.874023	1.552734	0.358000
3.115234	2.153320	0.908203	1.552734	0.358994
3.115234	2.158203	0.722656	1.547852	0.359993
3.110352	2.158203	0.737305	1.547852	0.360993
3.110352	2.158203	0.717773	1.547852	0.361994
3.110352	2.158203	0.800781	1.547852	0.362994
3.115234	2.153320	0.976562	1.557617	0.363994
3.110352	2.158203	0.791016	1.547852	0.364995
3.115234	2.153320	0.664062	1.547852	0.366010
3.115234	2.158203	0.629883	1.542969	0.366993
3.115234	2.158203	0.644531	1.542969	0.368000
3.115234	2.153320	0.815430	1.547852	0.368994
3.110352	2.158203	0.786133	1.547852	0.369994
3.115234	2.158203	0.883789	1.552734	0.370993
3.115234	2.158203	0.673828	1.547852	0.372009
3.115234	2.153320	0.844727	1.552734	0.372994
3.115234	2.158203	0.791016	1.547852	0.373994
3.115234	2.158203	0.883789	1.552734	0.374995
3.110352	2.158203	0.678711	1.547852	0.376009
3.115234	2.153320	0.786133	1.547852	0.376993
3.110352	2.153320	0.893555	1.552734	0.378131
3.110352	2.153320	0.947266	1.552734	0.378993
3.110352	2.153320	0.776367	1.547852	0.379994
3.115234	2.153320	0.800781	1.547852	0.380994
3.115234	2.153320	0.747070	1.547852	0.381994
3.115234	2.158203	0.668945	1.547852	0.382994
3.115234	2.158203	0.551758	1.542969	0.383993
3.115234	2.153320	0.605469	1.547852	0.384995
3.115234	2.153320	0.561523	1.542969	0.386011
3.110352	2.153320	0.654297	1.542969	0.386993
3.115234	2.153320	0.551758	1.542969	0.388045
3.110352	2.158203	0.551758	1.542969	0.389002
3.115234	2.158203	0.727539	1.547852	0.389994
3.115234	2.153320	0.698242	1.547852	0.390994
3.115234	2.158203	0.634766	1.542969	0.391994
3.115234	2.153320	0.917969	1.552734	0.392994
3.110352	2.153320	0.859375	1.552734	0.393994
3.115234	2.158203	0.839844	1.552734	0.394996
3.110352	2.158203	0.791016	1.547852	0.396008
3.115234	2.158203	0.874023	1.552734	0.396993
3.115234	2.158203	0.966797	1.552734	0.397993
3.115234	2.158203	0.961914	1.552734	0.399000
3.115234	2.153320	0.937500	1.552734	0.399994
3.115234	2.158203	0.947266	1.552734	0.400994
3.110352	2.158203	1.093750	1.557617	0.401994
3.115234	2.153320	1.059570	1.557617	0.402994
3.110352	2.158203	1.152344	1.557617	0.404009
3.110352	2.158203	1.005859	1.552734	0.404995
3.115234	2.158203	0.937500	1.552734	0.406009
3.115234	2.158203	0.976562	1.552734	0.406993
3.115234	2.158203	0.913086	1.552734	0.407993
3.115234	2.158203	0.834961	1.552734	0.409000
3.115234	2.158203	0.888672	1.552734	0.409994
3.115234	2.153320	0.844727	1.552734	0.410993
3.115234	2.153320	0.913086	1.552734	0.411994
3.115234	2.158203	0.673828	1.547852	0.412994
3.115234	2.153320	0.815430	1.547852	0.413994
3.115234	2.158203	0.825195	1.547852	0.414996
3.115234	2.153320	0.961914	1.552734	0.416008
3.110352	2.158203	0.932617	1.552734	0.416992
3.115234	2.158203	0.903320	1.552734	0.417994
3.110352	2.153320	1.030273	1.557617	0.419140
3.115234	2.158203	0.849609	1.552734	0.420009
3.110352	2.158203	0.942383	1.552734	0.420993
3.110352	2.158203	0.781250	1.547852	0.421994
3.110352	2.158203	0.825195	1.552734	0.422994
3.115234	2.153320	0.859375	1.552734	0.423993
3.115234	2.158203	0.869141	1.552734	0.424995
3.115234	2.153320	0.947266	1.552734	0.426011
3.110352	2.158203	0.947266	1.552734	0.426993
3.110352	2.158203	1.010742	1.557617	0.427993
3.110352	2.158203	0.961914	1.552734	0.429032
3.110352	2.158203	0.976562	1.557617	0.430002
3.115234	2.153320	1.181641	1.557617	0.430993
3.115234	2.153320	1.176758	1.562500	0.431993
3.110352	2.153320	0.942383	1.552734	0.432993
3.115234	2.158203	0.898438	1.552734	0.433993
3.115234	2.153320	1.040039	1.557617	0.434995
3.115234	2.153320	1.025391	1.552734	0.436024
3.115234	2.158203	1.064453	1.557617	0.436993
3.115234	2.158203	1.074219	1.557617	0.437994
3.115234	2.153320	0.976562	1.557617	0.438994
3.115234	2.153320	0.986328	1.552734	0.440000
3.115234	2.158203	0.996094	1.552734	0.440993
3.110352	2.153320	0.922852	1.552734	0.441994
3.115234	2.158203	1.025391	1.557617	0.442994
3.110352	2.158203	0.839844	1.552734	0.443994
3.115234	2.153320	0.854492	1.552734	0.444995
3.110352	2.153320	0.800781	1.547852	0.446011
3.110352	2.158203	0.854492	1.552734	0.446993
3.115234	2.158203	0.825195	1.552734	0.447993
3.115234	2.153320	0.844727	1.552734	0.448994
3.115234	2.153320	0.791016	1.547852	0.450000
3.110352	2.158203	0.961914	1.552734	0.450993
3.115234	2.153320	1.059570	1.557617	0.452009
3.115234	2.158203	0.961914	1.552734	0.452993
3.110352	2.153320	1.044922	1.557617	0.453994
3.115234	2.153320	1.191406	1.557617	0.454995
3.115234	2.153320	1.127930	1.557617	0.456009
3.115234	2.153320	1.040039	1.552734	0.456993
3.115234	2.153320	1.171875	1.562500	0.457993
3.115234	2.158203	1.162109	1.557617	0.458994
3.110352	2.153320	0.893555	1.552734	0.460138
3.115234	2.158203	0.810547	1.547852	0.460994
3.115234	2.153320	0.839844	1.547852	0.461994
3.115234	2.153320	0.849609	1.547852	0.462994
3.115234	2.158203	0.859375	1.552734	0.463993
3.115234	2.153320	0.698242	1.547852	0.464995
3.115234	2.158203	0.869141	1.552734	0.466009
3.115234	2.158203	0.791016	1.552734	0.466992
3.115234	2.153320	0.615234	1.547852	0.468008
3.115234	2.153320	0.781250	1.547852	0.468994
3.115234	2.158203	0.708008	1.547852	0.470032
3.115234	2.153320	0.756836	1.547852	0.471002
3.115234	2.158203	0.781250	1.547852	0.471994
3.115234	2.158203	0.781250	1.547852	0.472994
3.115234	2.158203	0.952148	1.552734	0.473994
3.115234	2.158203	0.839844	1.552734	0.474996
3.110352	2.158203	0.844727	1.552734	0.476010
3.115234	2.153320	0.888672	1.552734	0.476993
3.115234	2.158203	0.839844	1.552734	0.477994
3.115234	2.158203	0.864258	1.552734	0.478993
3.115234	2.153320	0.888672	1.552734	0.479993
3.115234	2.153320	0.869141	1.552734	0.481000
3.110352	2.158203	0.786133	1.547852	0.481994
3.115234	2.153320	0.820312	1.547852	0.482994
3.115234	2.158203	0.878906	1.552734	0.484009
3.115234	2.158203	0.722656	1.547852	0.484996
3.115234	2.158203	0.751953	1.547852	0.486009
3.115234	2.158203	0.756836	1.547852	0.486993
3.115234	2.158203	0.810547	1.547852	0.487993
3.115234	2.158203	0.722656	1.547852	0.488994
3.115234	2.153320	0.756836	1.547852	0.489994
3.110352	2.153320	0.668945	1.547852	0.491000
3.115234	2.158203	0.478516	1.542969	0.491994
3.115234	2.158203	0.561523	1.542969	0.492993
3.110352	2.158203	0.698242	1.547852	0.493994
3.115234	2.158203	0.771484	1.547852	0.494996
3.110352	2.158203	0.693359	1.547852	0.496010
3.110352	2.153320	0.805664	1.547852	0.496993
3.115234	2.158203	0.874023	1.552734	0.497993
3.110352	2.158203	0.874023	1.552734	0.498994
3.115234	2.153320	0.966797	1.552734	0.500010
3.110352	2.158203	1.015625	1.557617	0.501132
3.115234	2.153320	1.059570	1.557617	0.501993
3.115234	2.153320	1.010742	1.557617	0.502994
3.115234	2.158203	0.947266	1.552734	0.503994
3.115234	2.153320	0.888672	1.552734	0.504996
3.110352	2.158203	0.878906	1.552734	0.506162
3.110352	2.158203	0.883789	1.552734	0.507000
3.115234	2.153320	0.859375	1.552734	0.507993
3.115234	2.158203	0.791016	1.547852	0.508994
3.115234	2.153320	0.854492	1.552734	0.509993
3.110352	2.153320	0.908203	1.552734	0.511033
